

                                                             333
                                                                3                          1      1
                  3                   33               111111                  33                 
                  2                  3  3           111111                      
          11111111111111111122                   111111      222               22          1      1    
11111111111111111111111111111111111111  1111111111111111111111111111111111111111111111111111111111111111
11111111111111111111111111111111111111  1111111111111111111111111111111111111111111111111111111111111111
11111111111111111111111111111111111111  1111111111111111111111111111111111111111111111111111111111111111
11111111111111111111111111111111111111  1111111111111111111111111111111111111111111111111111111111111111
