



             333                                                              3333
                                             33      1122                     3333
           111112        2                2     1111111111111           12                2
11111111111111111111 11111111111    1111111111111111111111111        11111111111111111111111111111111111
11111111111111111111 111111111111                                  1111111111111111111111111111111111111
11111111111111111111 11111111111111                           111111111111111111111111111111111111111111
11111111111111111111 11111111111111111111111111111111111111111111111111111111111111111111111111111111111
